-1  1 -1  0  0 -1 -1  1
-0.820094747637
0.816743707206
-0.733112057148
-1 -1  0 -1  1  1  0 -1
0.00752062466802
-0.685751869513
-0.859584766237
-1 -1  0  1  1  1  1  1
-0.838734849409
0.430089897038
-0.331730065143
-1 -1 -1  1 -1  0  0  1
-0.198203410771
0.589608572095
-0.941350339707
 0 -1  0 -1  1  1  1 -1
-0.55329049737
-0.901685643682
0.431082913384
-1  1 -1  1  0  0  1  1
0.758289878709
0.274893083795
-0.583145183954
-1  0  1  1  1 -1  0 -1
-0.735468927202
-0.968369362514
-0.271292362247
-1  0  0  1  1  0  0  1
0.186725745274
-0.592946044507
0.840849916893
