-1  1  0  0 -1  1 -1 -1
 1  0  0  0  0  0  0  0
 0  0  0  0  1  0 -1 -1
-1  1  1 -1  1  1 -1  0
 0  1  1 -1  1  1  0  0
 1  1  0  0 -1  0  0  1
-1  1  0  1  0 -1  1 -1
-1 -1  1  1  0 -1  1  1
0.171875
-0.59375
0.75
-1  0  0  1  0  1 -1  1
-1  1  0  1  1  1  1 -1
 1  0  0  1  0  1  1 -1
 0 -1  1 -1 -1  0  0 -1
-1  1  1  1  0  0 -1  1
-1 -1  0 -1 -1  1 -1  0
 0  1 -1  0  1 -1  1 -1
 1  1  1  1  1  0  1  0
0.203125
0.640625
0.0
 0 -1  1  0  1  0 -1  1
 1  1 -1  0  1 -1 -1 -1
-1  0 -1  0  0 -1  1 -1
 1  1 -1  0  0 -1  0 -1
 1  1 -1 -1  1  0  1  0
 1 -1 -1  0 -1  1  1  1
-1  1  0 -1  1  1  1  0
 0 -1 -1  0  1 -1  0  0
-0.796875
-0.390625
-0.734375
 1  0  1  0  0  0  0  0
 0 -1  1 -1  0 -1 -1 -1
 0  1  1  1  0  0  0  0
 1  1 -1 -1  1  0  1  0
 1  1  1 -1  0  1  0  0
 0  1 -1  1  1  1 -1  0
 0 -1  0  1  0 -1  0  1
 1  1  0  0 -1  0 -1  0
0.046875
-0.453125
-0.859375
