-1 -1  0 -1  1  1 -1  0
0.270360214794
-0.697402234372
0.45112757047
 0 -1  0 -1  1  0  0  1
0.247709379828
0.926211286184
0.962649052861
 0 -1  1 -1  0  0  1 -1
0.371459588706
0.95659412878
-0.52416776066
-1 -1  0  0  0  0  0  0
0.508166099457
0.721571999419
-0.312920835346
-1 -1  1  1  0  0  1  1
0.210138301931
0.88024992388
0.919611711455
 0  0  0  1  1  1  1  1
-0.994954698867
-0.299812545588
0.0695437310389
 0  1 -1  0  0 -1  1 -1
0.771405074952
0.026069126226
-0.284343428081
-1  0  1 -1 -1 -1  0  1
-0.661490087469
0.479171616606
0.401108556823
